1442 0.0
2920 0.05
4380 0.075
5840 0.1
7300 0.125
8760 0.15
10220 0.157143
11680 0.164286
13140 0.171429
14600 0.178571
16060 0.185714
17520 0.192857
18980 0.2
20440 0.216667
21900 0.233333
23360 0.25
24820 0.266667
26280 0.283333
27740 0.3
29200 0.307143
30660 0.314286
32120 0.321429
33580 0.328571
35040 0.335714
36500 0.342857
37960 0.35
39420 0.357143
40880 0.364286
42340 0.371429
43800 0.378571
45260 0.385714
46720 0.392857
48180 0.4
49640 0.4065
51100 0.413
52560 0.4195
54020 0.426
55480 0.4325
56940 0.439
58400 0.4455
59860 0.452
61320 0.4585
62780 0.465
64240 0.4715
65700 0.478
67160 0.4845
68620 0.491
70080 0.4975
71540 0.504
73000 0.5105
74460 0.517
75920 0.5235
77380 0.53
78840 0.530875
80300 0.53175
81760 0.532625
83220 0.5335
84680 0.534375
86140 0.53525
87600 0.536125
89060 0.537
90520 0.537875
91980 0.53875
93440 0.539625
94900 0.5405
96360 0.541375
97820 0.54225
99280 0.543125
100740 0.544
102200 0.544875
103660 0.54575
105120 0.546625
106580 0.5475
108040 0.548375
109500 0.54925
110960 0.550125
112420 0.551
113880 0.551875
115340 0.55275
116800 0.553625
118260 0.5545
119720 0.555375
121180 0.55625
122640 0.557125
124100 0.558
125560 0.558875
127020 0.55975
128480 0.560625
129940 0.5615
131400 0.562375
132860 0.56325
134320 0.564125
135780 0.565
137240 0.565875
138700 0.56675
140160 0.567625
141620 0.5685
143080 0.569375
144540 0.57025
146000 0.571125
147460 0.572
148920 0.572875
150380 0.57375
151840 0.574625
153300 0.5755
154760 0.576375
156220 0.57725
157680 0.578125
159140 0.579
160600 0.579875
162060 0.58075
163520 0.581625
164980 0.5825
166440 0.583375
167900 0.58425
169360 0.585125
170820 0.586
172280 0.586875
173740 0.58775
175200 0.588625
176660 0.5895
178120 0.590375
179580 0.59125
181040 0.592125
182500 0.593
183960 0.593875
185420 0.59475
186880 0.595625
188340 0.5965
189800 0.597375
191260 0.59825
192720 0.599125
194180 0.6
195640 0.600187
197100 0.600375
198560 0.600562
200020 0.600749
201480 0.600936
202940 0.601124
204400 0.601311
205860 0.601498
207320 0.601685
208780 0.601873
210240 0.60206
211700 0.602247
213160 0.602434
214620 0.602622
216080 0.602809
217540 0.602996
219000 0.603184
220460 0.603371
221920 0.603558
223380 0.603745
224840 0.603933
226300 0.60412
227760 0.604307
229220 0.604494
230680 0.604682
232140 0.604869
233600 0.605056
235060 0.605243
236520 0.605431
237980 0.605618
239440 0.605805
240900 0.605993
242360 0.60618
243820 0.606367
245280 0.606554
246740 0.606742
248200 0.606929
249660 0.607116
251120 0.607303
252580 0.607491
254040 0.607678
255500 0.607865
256960 0.608052
258420 0.60824
259880 0.608427
261340 0.608614
262800 0.608801
264260 0.608989
265720 0.609176
267180 0.609363
268640 0.609551
270100 0.609738
271560 0.609925
273020 0.610112
274480 0.6103
275940 0.610487
277400 0.610674
278860 0.610861
280320 0.611049
281780 0.611236
283240 0.611423
284700 0.61161
286160 0.611798
287620 0.611985
289080 0.612172
290540 0.61236
292000 0.612547
293460 0.612734
294920 0.612921
296380 0.613109
297840 0.613296
299300 0.613483
300760 0.61367
302220 0.613858
303680 0.614045
305140 0.614232
306600 0.614419
308060 0.614607
309520 0.614794
310980 0.614981
312440 0.615169
313900 0.615356
315360 0.615543
316820 0.61573
318280 0.615918
319740 0.616105
321200 0.616292
322660 0.616479
324120 0.616667
325580 0.616854
327040 0.617041
328500 0.617228
329960 0.617416
331420 0.617603
332880 0.61779
334340 0.617978
335800 0.618165
337260 0.618352
338720 0.618539
340180 0.618727
341640 0.618914
343100 0.619101
344560 0.619288
346020 0.619476
347480 0.619663
348940 0.61985
350400 0.620037
351860 0.620225
353320 0.620412
354780 0.620599
356240 0.620787
357700 0.620974
359160 0.621161
360620 0.621348
362080 0.621536
370840 0.622659
389820 0.625094
408800 0.627528
429240 0.63015
448220 0.632584
467200 0.635019
487640 0.63764
506620 0.640075
525600 0.642509
546040 0.645131
565020 0.647566
584000 0.65
604440 0.652622
623420 0.655056
643860 0.657678
662840 0.660112
681820 0.662547
702260 0.665169
721240 0.667603
740220 0.670037
760660 0.672659
779640 0.675094
798620 0.677528
819060 0.68015
838040 0.682584
857020 0.685019
877460 0.68764
896440 0.690075
915420 0.692509
935860 0.695131
954840 0.697566
973820 0.7
998640 0.702553
1023460 0.705105
1046820 0.707508
1071640 0.71006
1096460 0.712613
1119820 0.715015
1144640 0.717568
1169460 0.72012
1192820 0.722523
1217640 0.725075
1242460 0.727628
1265820 0.73003
1290640 0.732583
1315460 0.735135
1338820 0.737538
1363640 0.74009
1388460 0.742643
1411820 0.745045
1436640 0.747598
1460000 0.75
1484820 0.752553
1509640 0.755105
1533000 0.757508
1557820 0.76006
1582640 0.762613
1606000 0.765015
1630820 0.767568
1655640 0.77012
1679000 0.772523
1703820 0.775075
1728640 0.777628
1752000 0.78003
1776820 0.782583
1801640 0.785135
1825000 0.787538
1849820 0.79009
1874640 0.792643
1898000 0.795045
1922820 0.797598
1946180 0.8
2019180 0.8025
2092180 0.805
2165180 0.8075
2238180 0.81
2311180 0.8125
2384180 0.815
2457180 0.8175
2530180 0.82
2603180 0.8225
2676180 0.825
2749180 0.8275
2822180 0.83
2895180 0.8325
2968180 0.835
3041180 0.8375
3114180 0.84
3187180 0.8425
3260180 0.845
3333180 0.8475
3406180 0.85
3479180 0.8525
3552180 0.855
3625180 0.8575
3698180 0.86
3771180 0.8625
3844180 0.865
3917180 0.8675
3990180 0.87
4063180 0.8725
4136180 0.875
4209180 0.8775
4282180 0.88
4355180 0.8825
4428180 0.885
4501180 0.8875
4574180 0.89
4647180 0.8925
4720180 0.895
4793180 0.8975
4866180 0.9
10221460 0.902505
10707640 0.905003
11193820 0.9075
11681460 0.910005
12167640 0.912503
12653820 0.915
13141460 0.917505
13627640 0.920003
14113820 0.922501
14601460 0.925006
15087640 0.927503
15573820 0.930001
16061460 0.932506
16547640 0.935003
17033820 0.937501
17521460 0.940006
18007640 0.942504
18493820 0.945001
18981460 0.947506
19467640 0.950004
19953820 0.952501
20441460 0.955006
20927640 0.957504
21413820 0.960002
21901460 0.962507
22387640 0.965004
22873820 0.967502
23361460 0.970007
23847640 0.972504
24333820 0.975002
24821460 0.977507
25307640 0.980005
25793820 0.982502
26281460 0.985007
26767640 0.987505
27253820 0.990002
27741460 0.992507
28227640 0.995005
28713820 0.997502
29200000 1.0
